4654
1644
8231
9395
2137
6923
1976
5516
4041
8108
1225
6431
8026
4563
182
5054
7363
4430
9659
4913
2278
9055
7150
1746
6529
8247
3569
2921
4098
6302
4464
1699
5245
7310
2117
7741
9404
165
4308
6145
7025
5425
9343
3090
7387
426
2285
8847
8659
6825
7583
8837
1152
3396
1000
3590
1230
6968
7717
9852
3458
2706
8273
7316
5850
2596
1223
5099
5566
9289
4449
4494
8864
3362
4298
5041
7159
3253
8104
9817
8752
526
8100
6555
7031
3772
6564
934
3613
9485
4279
2696
5837
4632
4990
4669
2449
2222
1040
6356
5045
2721
2188
9060
9859
9439
1200
2530
4356
2893
5453
8502
9393
8500
2264
9414
7879
4562
6607
2723
9831
5216
21
7989
9530
6602
6483
1754
4468
6365
8588
1871
6338
2840
7882
1506
7504
6344
374
9114
7740
8153
6563
7479
8619
7260
3384
8590
4294
5515
366
773
8775
6244
1849
3234
9198
5507
9503
1097
7926
7921
4456
9829
7539
5229
5489
5578
149
1125
2023
8132
602
7776
5343
9988
6213
6593
7168
9006
3269
586
1067
3908
2420
3295
628
9079
7384
6306
6741
9376
5964
574
9563
8687
2716
5680
6489
7041
6227
2511
2392
2126
4242
102
519
5960
9500
1151
9599
7429
8505
7552
8810
8072
5344
9818
5020
7884
6142
1169
141
5959
1356
7019
9033
1996
8506
4287
6560
5222
2919
3805
3424
9874
9667
3465
3645
988
1967
3445
5947
8187
7382
4414
6469
6309
1164
9614
3010
4538
8230
7907
8071
40
7511
5722
2368
6680
7792
540
9636
1175
3965
9328
9751
7452
5917
4411
4866
7915
5114
9028
7484
7047
6855
7771
2134
8315
473
3397
6521
5253
5865
1227
8452
9853
2441
7607
3333
9562
7640
3357
2209
4174
8408
8436
8241
7944
8887
7096
990
5192
6920
8981
372
7859
9381
5910
2598
1005
4528
4315
5355
450
128
1206
694
5572
2238
5669
5479
9020
2298
6949
2228
7275
6418
2485
2293
1239
4560
8146
6378
1344
9736
4492
2237
2740
1606
601
3670
5435
3314
378
943
1473
1528
8025
1279
1399
8393
1717
5062
6224
7761
2232
3564
7621
2240
7754
7261
5936
7928
7964
9398
6808
3829
1908
5909
6534
6579
4590
2097
2739
8889
7112
9779
2356
987
1553
4608
4086
9410
9458
8543
1978
4587
9138
1195
2223
8357
9385
162
4422
7721
1411
8982
9277
2769
7993
3288
8925
3380
6425
8571
515
5298
9306
3117
6687
9017
4031
7474
7309
3082
4390
4534
4506
4853
9554
796
9610
5361
5580
3262
130
150
29
847
22
6850
9318
2156
9938
7095
9856
8309
8731
5563
6805
8821
3105
3044
9616
245
2187
4297
2375
4730
6638
6047
2800
9142
5169
9371
6673
3493
4753
2115
1174
7465
8018
4616
4226
634
5004
1017
9145
505
5816
8157
6780
4503
5184
5688
4584
1758
1783
3649
8713
8220
8234
5373
7263
3701
4473
8584
7038
1389
9987
1418
2846
2790
8851
799
4089
2487
7510
